"","anger","anticipation","disgust","fear","joy","sadness","surprise","trust","negative","positive"
"1",0.0769230769230769,0,0.0769230769230769,0.0769230769230769,0.0769230769230769,0.153846153846154,0,0.0769230769230769,0.153846153846154,0.307692307692308
"2",0,0.166666666666667,0,0,0.166666666666667,0.0833333333333333,0.0833333333333333,0.0833333333333333,0.0833333333333333,0.333333333333333
"3",0.0434782608695652,0.0869565217391304,0.0869565217391304,0.0652173913043478,0.0652173913043478,0.108695652173913,0.0217391304347826,0.130434782608696,0.195652173913043,0.195652173913043
"4",0,0,0,0,0,0,1,0,0,0
"6",0,0.1875,0.0625,0,0.125,0.0625,0.0625,0.125,0.0625,0.3125
"7",0.0571428571428571,0.142857142857143,0.0857142857142857,0.0285714285714286,0.114285714285714,0.0285714285714286,0.0857142857142857,0.142857142857143,0.0857142857142857,0.228571428571429
"9",0,0,0.111111111111111,0,0,0.111111111111111,0,0.222222222222222,0.222222222222222,0.333333333333333
"10",0,0.1,0,0.08,0.08,0.04,0.02,0.26,0.1,0.32
"11",0.107142857142857,0.0714285714285714,0.0714285714285714,0.107142857142857,0.0714285714285714,0.142857142857143,0.0357142857142857,0.0892857142857143,0.178571428571429,0.125
"12",0,0.111111111111111,0,0.111111111111111,0.111111111111111,0.111111111111111,0,0,0.333333333333333,0.222222222222222
"13",0.108695652173913,0.0434782608695652,0.0652173913043478,0.0652173913043478,0.108695652173913,0.0869565217391304,0.0652173913043478,0.0652173913043478,0.152173913043478,0.239130434782609
"14",0.105263157894737,0.105263157894737,0.0526315789473684,0.0263157894736842,0.0526315789473684,0.0263157894736842,0.0526315789473684,0.157894736842105,0.0789473684210526,0.342105263157895
"15",0,0.166666666666667,0,0,0.166666666666667,0,0.166666666666667,0.166666666666667,0,0.333333333333333
"16",0.027027027027027,0.162162162162162,0.0540540540540541,0,0.189189189189189,0.027027027027027,0.0810810810810811,0.135135135135135,0.0540540540540541,0.27027027027027
"17",0.1875,0.0625,0.125,0.125,0.0625,0.0625,0,0,0.25,0.125
"18",0.0740740740740741,0.185185185185185,0.0740740740740741,0.037037037037037,0.111111111111111,0.037037037037037,0.037037037037037,0.111111111111111,0.111111111111111,0.222222222222222
"19",0.05,0.1,0,0.1,0.05,0.1,0.1,0.1,0.25,0.15
"20",0,0,0.142857142857143,0,0,0.142857142857143,0.142857142857143,0.142857142857143,0.428571428571429,0
"21",0,0,0,0,0.333333333333333,0,0,0,0,0.666666666666667
"22",0.0952380952380952,0.142857142857143,0.0476190476190476,0.0952380952380952,0.0476190476190476,0.142857142857143,0.0952380952380952,0.142857142857143,0.142857142857143,0.0476190476190476
"23",0,0.333333333333333,0,0,0,0,0,0.333333333333333,0,0.333333333333333
"24",0,0.2,0,0.1,0.2,0.1,0,0.2,0,0.2
"25",0,0.125,0,0.0625,0.0625,0.125,0.0625,0.1875,0.1875,0.1875
"26",0.0545454545454545,0.181818181818182,0.0545454545454545,0.0727272727272727,0.0909090909090909,0.0545454545454545,0.0727272727272727,0.145454545454545,0.145454545454545,0.127272727272727
"27",0.0895522388059701,0.0746268656716418,0.0447761194029851,0.119402985074627,0.0746268656716418,0.104477611940299,0.0149253731343284,0.0895522388059701,0.17910447761194,0.208955223880597
"28",0.0666666666666667,0.0666666666666667,0.0888888888888889,0.111111111111111,0.0888888888888889,0.0888888888888889,0,0.133333333333333,0.133333333333333,0.222222222222222
"29",0.05,0.0666666666666667,0.0166666666666667,0.0666666666666667,0.0666666666666667,0.1,0.0166666666666667,0.15,0.2,0.266666666666667
"30",0.125,0,0.166666666666667,0.125,0,0.0833333333333333,0,0.0833333333333333,0.25,0.166666666666667
"31",0.117647058823529,0.0784313725490196,0.0980392156862745,0.117647058823529,0.0784313725490196,0.117647058823529,0,0.0784313725490196,0.196078431372549,0.117647058823529
"32",0.0759493670886076,0.126582278481013,0.0126582278481013,0.0632911392405063,0.126582278481013,0.0379746835443038,0.0506329113924051,0.113924050632911,0.139240506329114,0.253164556962025
"33",0.0579710144927536,0.101449275362319,0.0434782608695652,0.072463768115942,0.130434782608696,0.0434782608695652,0.0434782608695652,0.159420289855072,0.115942028985507,0.231884057971014
"34",0.0555555555555556,0.111111111111111,0.0555555555555556,0.111111111111111,0.166666666666667,0.0555555555555556,0.111111111111111,0.111111111111111,0.0555555555555556,0.166666666666667
"35",0,0,0,0.333333333333333,0,0.333333333333333,0,0,0.333333333333333,0
"36",0.111111111111111,0,0,0,0,0.111111111111111,0,0.333333333333333,0.333333333333333,0.111111111111111
"37",0.111111111111111,0.111111111111111,0.0185185185185185,0.111111111111111,0.0925925925925926,0.0740740740740741,0.037037037037037,0.0555555555555556,0.240740740740741,0.148148148148148
"38",0.2,0,0.2,0.2,0,0.2,0,0,0.2,0
"39",0.0714285714285714,0,0.0714285714285714,0.142857142857143,0.0714285714285714,0.0714285714285714,0,0.142857142857143,0.142857142857143,0.285714285714286
"40",0,0.0909090909090909,0.0909090909090909,0,0.0909090909090909,0.181818181818182,0,0.181818181818182,0,0.363636363636364
"41",0.0588235294117647,0.0882352941176471,0,0.147058823529412,0.0294117647058824,0.117647058823529,0,0.0588235294117647,0.264705882352941,0.235294117647059
"42",0.0735294117647059,0.0808823529411765,0.102941176470588,0.0661764705882353,0.102941176470588,0.0588235294117647,0.0588235294117647,0.117647058823529,0.161764705882353,0.176470588235294
"43",0.0540540540540541,0.0540540540540541,0.0810810810810811,0.108108108108108,0.0540540540540541,0.0810810810810811,0.0540540540540541,0.135135135135135,0.189189189189189,0.189189189189189
"44",0,0,0,0,0.333333333333333,0,0,0.333333333333333,0,0.333333333333333
"45",0.2,0.2,0,0.2,0,0.2,0,0,0.2,0
"46",0.025,0.075,0.025,0.075,0.1,0.05,0.025,0.175,0.2,0.25
"47",0.0410958904109589,0.0958904109589041,0.0410958904109589,0.0547945205479452,0.0547945205479452,0.123287671232877,0.0273972602739726,0.150684931506849,0.205479452054795,0.205479452054795
"48",0.0540540540540541,0.108108108108108,0.0540540540540541,0.0540540540540541,0.108108108108108,0.0540540540540541,0.0540540540540541,0.189189189189189,0.0810810810810811,0.243243243243243
"49",0.0625,0.125,0,0.0625,0,0.1875,0.125,0.0625,0.25,0.125
"50",0,0,0.166666666666667,0,0,0,0,0.333333333333333,0,0.5
"51",0.0731707317073171,0.0975609756097561,0,0.024390243902439,0.219512195121951,0,0.121951219512195,0.121951219512195,0.0975609756097561,0.24390243902439
"52",0,0.133333333333333,0,0,0.2,0.0666666666666667,0.0666666666666667,0.133333333333333,0.0666666666666667,0.333333333333333
"53",0,0.25,0,0,0.25,0,0,0,0,0.5
"54",0.125,0.05,0.075,0.15,0.025,0.15,0.05,0.075,0.2,0.1
"55",0.150684931506849,0.0410958904109589,0.0547945205479452,0.0821917808219178,0.0547945205479452,0.0684931506849315,0.0547945205479452,0.10958904109589,0.205479452054795,0.178082191780822
"56",0,0.2,0.1,0,0.2,0,0.1,0.2,0,0.2
"57",0,0.103448275862069,0.0344827586206897,0.0344827586206897,0.103448275862069,0.0344827586206897,0.0344827586206897,0.206896551724138,0.103448275862069,0.344827586206897
"58",0,0.181818181818182,0,0,0.181818181818182,0,0.0909090909090909,0.272727272727273,0.0909090909090909,0.181818181818182
"59",0.0638297872340425,0.148936170212766,0.0212765957446809,0.0851063829787234,0.0425531914893617,0.0638297872340425,0.0638297872340425,0.212765957446809,0.0851063829787234,0.212765957446809
"60",0.0909090909090909,0.0681818181818182,0.0681818181818182,0.0454545454545455,0.0454545454545455,0.136363636363636,0.0454545454545455,0.113636363636364,0.25,0.136363636363636
"61",0.142857142857143,0.285714285714286,0,0,0.142857142857143,0,0,0.142857142857143,0.142857142857143,0.142857142857143
"62",0.0185185185185185,0.12962962962963,0.0555555555555556,0.037037037037037,0.111111111111111,0.037037037037037,0.0555555555555556,0.111111111111111,0.185185185185185,0.259259259259259
"63",0.125,0.0625,0.09375,0.09375,0,0.125,0.03125,0.0625,0.1875,0.21875
"64",0.0666666666666667,0.0666666666666667,0.0666666666666667,0.0666666666666667,0.133333333333333,0.2,0.0666666666666667,0,0.0666666666666667,0.266666666666667
"65",0.130434782608696,0.130434782608696,0,0.0434782608695652,0.0434782608695652,0.217391304347826,0,0.0434782608695652,0.304347826086957,0.0869565217391304
"66",0.142857142857143,0,0,0.142857142857143,0,0.142857142857143,0,0.142857142857143,0.142857142857143,0.285714285714286
"67",0.0344827586206897,0.103448275862069,0.0344827586206897,0.0689655172413793,0.103448275862069,0.0344827586206897,0.0344827586206897,0.137931034482759,0.137931034482759,0.310344827586207
"68",0.0588235294117647,0.117647058823529,0.0294117647058824,0.0882352941176471,0.0882352941176471,0.0882352941176471,0.0588235294117647,0.117647058823529,0.117647058823529,0.235294117647059
"69",0.181818181818182,0.0909090909090909,0,0.181818181818182,0,0.181818181818182,0,0,0.272727272727273,0.0909090909090909
"70",0.0666666666666667,0.2,0,0.0333333333333333,0.0666666666666667,0.1,0.0333333333333333,0.133333333333333,0.2,0.166666666666667
"71",0.0917431192660551,0.100917431192661,0.0825688073394495,0.110091743119266,0.0642201834862385,0.0825688073394495,0.0825688073394495,0.0917431192660551,0.18348623853211,0.110091743119266
"72",0,0,0,0,0,0,0,0.333333333333333,0,0.666666666666667
"73",0.0606060606060606,0.0606060606060606,0.121212121212121,0.0303030303030303,0.0303030303030303,0.0909090909090909,0,0.181818181818182,0.121212121212121,0.303030303030303
"74",0,0.125,0,0,0.0625,0.0625,0.125,0.1875,0.0625,0.375
"75",0.146341463414634,0.0365853658536585,0.0853658536585366,0.121951219512195,0.0609756097560976,0.121951219512195,0.024390243902439,0.0731707317073171,0.219512195121951,0.109756097560976
"76",0.172413793103448,0.0344827586206897,0.0344827586206897,0.137931034482759,0.0344827586206897,0.137931034482759,0.0344827586206897,0.0689655172413793,0.206896551724138,0.137931034482759
"78",0.0683760683760684,0.0854700854700855,0.0427350427350427,0.0769230769230769,0.094017094017094,0.0598290598290598,0.0598290598290598,0.136752136752137,0.11965811965812,0.256410256410256
"79",0,0.169811320754717,0,0.0188679245283019,0.169811320754717,0.0566037735849057,0.0566037735849057,0.207547169811321,0.0566037735849057,0.264150943396226
"80",0,0,0,0,0,0,0,0,1,0
"81",0,0.166666666666667,0.166666666666667,0,0.166666666666667,0,0.166666666666667,0.166666666666667,0,0.166666666666667
"82",0,0,0,0,0.4,0,0,0,0,0.6
"83",0.0833333333333333,0.0833333333333333,0.0833333333333333,0.0833333333333333,0.0416666666666667,0.125,0.0416666666666667,0.0833333333333333,0.291666666666667,0.0833333333333333
"84",0.142857142857143,0.142857142857143,0.0952380952380952,0.0952380952380952,0.0476190476190476,0.142857142857143,0,0.0476190476190476,0.19047619047619,0.0952380952380952
"85",0.0606060606060606,0.0909090909090909,0.0454545454545455,0.0151515151515152,0.166666666666667,0.0757575757575758,0.0303030303030303,0.136363636363636,0.121212121212121,0.257575757575758
"86",0.0588235294117647,0.0588235294117647,0.0588235294117647,0.0588235294117647,0.117647058823529,0.117647058823529,0,0.117647058823529,0.235294117647059,0.176470588235294
"87",0,0,0,0.142857142857143,0,0.142857142857143,0,0,0.285714285714286,0.428571428571429
"88",0,0.1,0.2,0.1,0,0,0.2,0,0.3,0.1
"89",0,0,0,0.166666666666667,0.166666666666667,0.166666666666667,0,0.166666666666667,0.166666666666667,0.166666666666667
"90",0.2,0,0.2,0.2,0,0.2,0,0,0.2,0
"91",0,0,0.166666666666667,0,0.166666666666667,0.166666666666667,0,0,0.166666666666667,0.333333333333333
"92",0.125,0,0.125,0,0.125,0,0,0.25,0.125,0.25
"93",0.0357142857142857,0.0357142857142857,0.0714285714285714,0.0714285714285714,0.0714285714285714,0.107142857142857,0.0357142857142857,0.142857142857143,0.178571428571429,0.25
"94",0.0526315789473684,0.0526315789473684,0.0789473684210526,0.0526315789473684,0.0526315789473684,0.105263157894737,0.0526315789473684,0.184210526315789,0.184210526315789,0.184210526315789
"95",0,0.125,0,0.125,0.125,0.125,0,0.125,0.125,0.25
"96",0,0.2,0,0,0.266666666666667,0,0.0666666666666667,0.2,0,0.266666666666667
"97",0,0,0,0,0,0,0,0,1,0
"98",0,0.25,0,0,0.25,0,0,0,0.25,0.25
"99",0,0.131578947368421,0,0.0789473684210526,0.157894736842105,0.0789473684210526,0.0789473684210526,0.105263157894737,0.0789473684210526,0.289473684210526
"100",0,0.333333333333333,0,0,0.166666666666667,0,0.166666666666667,0.166666666666667,0,0.166666666666667
"101",0.0674157303370786,0.112359550561798,0.0561797752808989,0.0842696629213483,0.0955056179775281,0.0730337078651685,0.0337078651685393,0.112359550561798,0.185393258426966,0.179775280898876
"102",0.05,0,0.05,0.15,0.1,0.1,0.05,0.1,0.25,0.15
"103",0.0416666666666667,0.0833333333333333,0.0416666666666667,0.0416666666666667,0.0416666666666667,0.0416666666666667,0.166666666666667,0.208333333333333,0.125,0.208333333333333
"104",0.04,0.04,0.04,0.16,0.04,0.08,0.04,0.08,0.24,0.24
"105",0.0631578947368421,0.0947368421052632,0.0421052631578947,0.0842105263157895,0.0526315789473684,0.126315789473684,0.0421052631578947,0.126315789473684,0.2,0.168421052631579
"106",0,0.117647058823529,0.0588235294117647,0.0588235294117647,0.0588235294117647,0,0.0588235294117647,0.117647058823529,0.176470588235294,0.352941176470588
"107",0.0598290598290598,0.111111111111111,0.0598290598290598,0.0427350427350427,0.0769230769230769,0.0598290598290598,0.0170940170940171,0.153846153846154,0.153846153846154,0.264957264957265
"108",0,0.166666666666667,0,0,0.166666666666667,0.166666666666667,0,0.166666666666667,0.166666666666667,0.166666666666667
"109",0.0303030303030303,0.0909090909090909,0,0.0909090909090909,0.121212121212121,0.121212121212121,0.0909090909090909,0.151515151515152,0.121212121212121,0.181818181818182
"110",0,0,0,0,0.2,0,0.4,0.2,0,0.2
"111",0,0,0.333333333333333,0,0,0,0,0,0.333333333333333,0.333333333333333
"112",0.181818181818182,0.0681818181818182,0.0909090909090909,0.113636363636364,0.0454545454545455,0.136363636363636,0.0454545454545455,0.0454545454545455,0.227272727272727,0.0454545454545455
"113",0.0979020979020979,0.0769230769230769,0.0769230769230769,0.104895104895105,0.0909090909090909,0.104895104895105,0.034965034965035,0.104895104895105,0.174825174825175,0.132867132867133
"114",0.0740740740740741,0.185185185185185,0,0.111111111111111,0.0740740740740741,0,0,0.111111111111111,0.259259259259259,0.185185185185185
"115",0.0454545454545455,0.136363636363636,0,0.136363636363636,0.0454545454545455,0.0909090909090909,0,0.136363636363636,0.227272727272727,0.181818181818182
"116",0.125,0.125,0.125,0.125,0,0.125,0,0.125,0.125,0.125
"117",0.08,0.14,0.06,0.08,0.08,0.02,0.02,0.14,0.18,0.2
"118",0.0975609756097561,0.121951219512195,0.0975609756097561,0.0487804878048781,0.0487804878048781,0.0487804878048781,0.0731707317073171,0.0731707317073171,0.170731707317073,0.219512195121951
"119",0,0.272727272727273,0,0,0,0,0.0909090909090909,0.181818181818182,0,0.454545454545455
"120",0.153846153846154,0,0.153846153846154,0.230769230769231,0,0.230769230769231,0,0,0.230769230769231,0
"121",0.0410958904109589,0.136986301369863,0.0410958904109589,0.0547945205479452,0.123287671232877,0.0547945205479452,0.0547945205479452,0.136986301369863,0.10958904109589,0.246575342465753
"122",0,0.111111111111111,0,0,0.111111111111111,0,0,0.333333333333333,0,0.444444444444444
"123",0.130434782608696,0.0652173913043478,0.152173913043478,0.0869565217391304,0.0217391304347826,0.0652173913043478,0.0217391304347826,0.0869565217391304,0.239130434782609,0.130434782608696
"124",0.0892857142857143,0.0535714285714286,0.0714285714285714,0.125,0.0714285714285714,0.0714285714285714,0.0357142857142857,0.196428571428571,0.107142857142857,0.178571428571429
"125",0.0952380952380952,0.111111111111111,0.0634920634920635,0.0476190476190476,0.111111111111111,0.0793650793650794,0.0793650793650794,0.126984126984127,0.126984126984127,0.158730158730159
"126",0.0263157894736842,0.0789473684210526,0.0526315789473684,0.0526315789473684,0.0789473684210526,0.0789473684210526,0.0789473684210526,0.157894736842105,0.184210526315789,0.210526315789474
"127",0,0,0,0,0.333333333333333,0,0,0.333333333333333,0,0.333333333333333
"128",0.0714285714285714,0.0714285714285714,0.142857142857143,0.142857142857143,0.0714285714285714,0,0.0714285714285714,0,0.214285714285714,0.214285714285714
"129",0,0.111111111111111,0.111111111111111,0.0555555555555556,0.0555555555555556,0.0555555555555556,0,0.111111111111111,0.222222222222222,0.277777777777778
"130",0.0454545454545455,0.0909090909090909,0.0909090909090909,0.0454545454545455,0.0454545454545455,0.136363636363636,0.136363636363636,0.0909090909090909,0.181818181818182,0.136363636363636
"131",0.0833333333333333,0.0833333333333333,0.0833333333333333,0,0.0833333333333333,0.0833333333333333,0.0833333333333333,0.166666666666667,0.0833333333333333,0.25
"132",0.105263157894737,0.0526315789473684,0.0789473684210526,0.0526315789473684,0.0789473684210526,0.131578947368421,0.0263157894736842,0.131578947368421,0.210526315789474,0.131578947368421
"133",0.0384615384615385,0.0961538461538462,0,0.0192307692307692,0.153846153846154,0.115384615384615,0.0769230769230769,0.173076923076923,0.134615384615385,0.192307692307692
"134",0.046875,0.109375,0.046875,0.046875,0.109375,0.09375,0.0625,0.125,0.15625,0.203125
"136",0.117647058823529,0,0.176470588235294,0.0588235294117647,0,0.117647058823529,0,0.117647058823529,0.176470588235294,0.235294117647059
"137",0.0689655172413793,0.137931034482759,0.0517241379310345,0.0862068965517241,0.120689655172414,0.0517241379310345,0.0344827586206897,0.120689655172414,0.103448275862069,0.224137931034483
"138",0,0.2,0,0,0.12,0,0.04,0.16,0.04,0.44
"139",0,0.0833333333333333,0.125,0.0833333333333333,0,0.166666666666667,0.0833333333333333,0.0416666666666667,0.416666666666667,0
"140",0.0843373493975904,0.0843373493975904,0.108433734939759,0.072289156626506,0.072289156626506,0.0602409638554217,0.0602409638554217,0.0963855421686747,0.168674698795181,0.192771084337349
"141",0.0185185185185185,0.0925925925925926,0,0.0185185185185185,0.148148148148148,0.037037037037037,0.0740740740740741,0.166666666666667,0.111111111111111,0.333333333333333
"142",0.114285714285714,0.114285714285714,0.0285714285714286,0.0571428571428571,0.0571428571428571,0.114285714285714,0,0.142857142857143,0.171428571428571,0.2
"143",0.0869565217391304,0.130434782608696,0.0434782608695652,0.0434782608695652,0.130434782608696,0.130434782608696,0.0869565217391304,0.0869565217391304,0.0869565217391304,0.173913043478261
"144",0,0.142857142857143,0.0714285714285714,0.0714285714285714,0,0,0.0714285714285714,0.142857142857143,0.142857142857143,0.357142857142857
"145",0.0588235294117647,0.0588235294117647,0.0588235294117647,0.0588235294117647,0.176470588235294,0.0588235294117647,0,0.176470588235294,0.117647058823529,0.235294117647059
"146",0,0,0,0,0,0,0,0.5,0,0.5
"147",0.0175438596491228,0.157894736842105,0,0.0701754385964912,0.087719298245614,0.105263157894737,0.0701754385964912,0.140350877192982,0.157894736842105,0.192982456140351
"149",0.0684931506849315,0.10958904109589,0.0547945205479452,0.0958904109589041,0.0684931506849315,0.10958904109589,0.0273972602739726,0.0821917808219178,0.205479452054795,0.178082191780822
"150",0.0666666666666667,0.0666666666666667,0.0666666666666667,0.133333333333333,0.0333333333333333,0.0666666666666667,0.0333333333333333,0.0666666666666667,0.3,0.166666666666667
"151",0,0.333333333333333,0,0,0.166666666666667,0,0.166666666666667,0.166666666666667,0,0.166666666666667
"152",0.166666666666667,0.111111111111111,0,0.0555555555555556,0.0555555555555556,0,0.0555555555555556,0.111111111111111,0.222222222222222,0.222222222222222
"153",0.075,0.075,0.075,0.05,0.075,0.1,0.05,0.15,0.2,0.15
"154",0.112903225806452,0.129032258064516,0.0483870967741935,0.0483870967741935,0.0967741935483871,0.0967741935483871,0.0483870967741935,0.112903225806452,0.129032258064516,0.17741935483871
"156",0.09375,0.15625,0.09375,0.09375,0.125,0.03125,0,0.09375,0.15625,0.15625
"157",0,0.25,0,0,0.25,0,0,0.25,0,0.25
"158",0.114285714285714,0.114285714285714,0.0857142857142857,0.142857142857143,0.0285714285714286,0.114285714285714,0.0285714285714286,0.0857142857142857,0.2,0.0857142857142857
"159",0,0.102564102564103,0,0.0769230769230769,0.0769230769230769,0.128205128205128,0,0.179487179487179,0.179487179487179,0.256410256410256
"160",0.0860215053763441,0.0860215053763441,0.0752688172043011,0.139784946236559,0.0645161290322581,0.129032258064516,0.0537634408602151,0.0860215053763441,0.172043010752688,0.10752688172043
"161",0.0625,0.125,0,0.0625,0.125,0,0.0625,0.1875,0.0625,0.3125
"162",0.0526315789473684,0.105263157894737,0.0526315789473684,0.0526315789473684,0.105263157894737,0,0.105263157894737,0.157894736842105,0.105263157894737,0.263157894736842
"163",0,0.2,0,0,0.2,0,0.2,0.2,0,0.2
"164",0.0357142857142857,0.178571428571429,0.0357142857142857,0.0357142857142857,0.142857142857143,0.0357142857142857,0.0714285714285714,0.142857142857143,0.0714285714285714,0.25
"165",0,0.0454545454545455,0.0909090909090909,0.0909090909090909,0.0909090909090909,0.181818181818182,0.0454545454545455,0.0909090909090909,0.136363636363636,0.227272727272727
"166",0,0.111111111111111,0.0555555555555556,0,0.111111111111111,0,0.0555555555555556,0.277777777777778,0.111111111111111,0.277777777777778
"167",0.0625,0,0,0.125,0.0625,0.1875,0,0.125,0.25,0.1875
"168",0.05,0.1,0,0.05,0.15,0.15,0,0.05,0.1,0.35
"169",0,0,0,0,0,0.333333333333333,0.333333333333333,0,0.333333333333333,0
"170",0.108695652173913,0.0869565217391304,0.0760869565217391,0.108695652173913,0.0652173913043478,0.0978260869565217,0.0434782608695652,0.119565217391304,0.184782608695652,0.108695652173913
"172",0.0677966101694915,0.11864406779661,0.0169491525423729,0.11864406779661,0.0847457627118644,0.0677966101694915,0.0508474576271186,0.11864406779661,0.11864406779661,0.23728813559322
"173",0,0.0666666666666667,0,0.0666666666666667,0.1,0.0666666666666667,0.1,0.133333333333333,0.166666666666667,0.3
"174",0,0.142857142857143,0,0,0.142857142857143,0,0.142857142857143,0.142857142857143,0,0.428571428571429
"175",0.0384615384615385,0.153846153846154,0.0384615384615385,0.153846153846154,0,0.0769230769230769,0.0384615384615385,0.0769230769230769,0.192307692307692,0.230769230769231
"176",0,0,0,0.333333333333333,0,0.333333333333333,0,0,0.333333333333333,0
"178",0.166666666666667,0,0.166666666666667,0,0.166666666666667,0.166666666666667,0,0,0.166666666666667,0.166666666666667
"180",0,0,0,0.111111111111111,0.111111111111111,0,0.111111111111111,0.222222222222222,0.111111111111111,0.333333333333333
"181",0,0.0909090909090909,0.0909090909090909,0,0.0909090909090909,0.0909090909090909,0.0909090909090909,0.0909090909090909,0.181818181818182,0.272727272727273
"182",0.153846153846154,0.115384615384615,0,0.153846153846154,0,0.115384615384615,0,0,0.269230769230769,0.192307692307692
"183",0,0,0,0,0,0.5,0,0,0.5,0
"184",0.0512820512820513,0.0769230769230769,0.0512820512820513,0.128205128205128,0.0512820512820513,0.153846153846154,0.0769230769230769,0.0769230769230769,0.230769230769231,0.102564102564103
"185",0.166666666666667,0.125,0.0416666666666667,0.0416666666666667,0.125,0.0833333333333333,0.0416666666666667,0.125,0.0833333333333333,0.166666666666667
"186",0.12280701754386,0.12280701754386,0.0526315789473684,0.087719298245614,0.0526315789473684,0.0701754385964912,0.0175438596491228,0.140350877192982,0.175438596491228,0.157894736842105
"187",0.12,0.04,0.12,0.12,0.08,0.12,0,0.04,0.2,0.16
"188",0.0277777777777778,0.0833333333333333,0.0277777777777778,0.0277777777777778,0.138888888888889,0.111111111111111,0.0833333333333333,0.166666666666667,0.138888888888889,0.194444444444444
"189",0,0,0,0,0,0,0,0.333333333333333,0.333333333333333,0.333333333333333
"190",0.117647058823529,0.0882352941176471,0.117647058823529,0.132352941176471,0.0441176470588235,0.161764705882353,0.0147058823529412,0.0147058823529412,0.220588235294118,0.0882352941176471
"191",0.102941176470588,0.0735294117647059,0.102941176470588,0.147058823529412,0.0441176470588235,0.117647058823529,0.0294117647058824,0.0735294117647059,0.205882352941176,0.102941176470588
"192",0,0.0769230769230769,0,0,0.153846153846154,0.0769230769230769,0,0.153846153846154,0.0769230769230769,0.461538461538462
"193",0.0512820512820513,0.102564102564103,0.0512820512820513,0.102564102564103,0.102564102564103,0.0769230769230769,0.0769230769230769,0.153846153846154,0.102564102564103,0.179487179487179
"194",0,0.166666666666667,0.0277777777777778,0.0277777777777778,0.0833333333333333,0.0555555555555556,0,0.138888888888889,0.111111111111111,0.388888888888889
"195",0.105263157894737,0.0701754385964912,0.105263157894737,0.12280701754386,0.0350877192982456,0.12280701754386,0.0526315789473684,0.087719298245614,0.192982456140351,0.105263157894737
"196",0.0666666666666667,0.111111111111111,0.0888888888888889,0.0444444444444444,0.0888888888888889,0.111111111111111,0.0666666666666667,0.0888888888888889,0.133333333333333,0.2
"197",0.0681818181818182,0.0681818181818182,0,0.0909090909090909,0.0454545454545455,0.0454545454545455,0.0227272727272727,0.181818181818182,0.204545454545455,0.272727272727273
"198",0,0.222222222222222,0,0.111111111111111,0.111111111111111,0.111111111111111,0,0.111111111111111,0.222222222222222,0.111111111111111
"199",0.0666666666666667,0.1,0.0666666666666667,0.0666666666666667,0.133333333333333,0.0666666666666667,0.1,0.133333333333333,0.0666666666666667,0.2
"200",0,0,0,0,0.2,0.2,0,0,0.2,0.4
"201",0,0,0,0,0,0.333333333333333,0,0,0.5,0.166666666666667
"202",0.0909090909090909,0.0909090909090909,0,0.0606060606060606,0.151515151515152,0.0606060606060606,0.0909090909090909,0.0909090909090909,0.212121212121212,0.151515151515152
"203",0.0642201834862385,0.0917431192660551,0.0642201834862385,0.0825688073394495,0.0642201834862385,0.0917431192660551,0.0458715596330275,0.110091743119266,0.146788990825688,0.238532110091743
"204",0.181818181818182,0,0.181818181818182,0,0,0.181818181818182,0,0.0909090909090909,0.272727272727273,0.0909090909090909
"205",0.103448275862069,0.137931034482759,0.0344827586206897,0.0689655172413793,0.0689655172413793,0.103448275862069,0.0344827586206897,0.103448275862069,0.206896551724138,0.137931034482759
"206",0.0714285714285714,0.0816326530612245,0.0408163265306122,0.0714285714285714,0.0510204081632653,0.0714285714285714,0.0408163265306122,0.122448979591837,0.214285714285714,0.23469387755102
"207",0.1,0.1,0.1,0.2,0,0.1,0,0.1,0.2,0.1
"208",0.113207547169811,0.0754716981132075,0.0754716981132075,0.0754716981132075,0.0566037735849057,0.132075471698113,0.0377358490566038,0.0754716981132075,0.207547169811321,0.150943396226415
"210",0,0.2,0,0,0.2,0.1,0.2,0.1,0,0.2
"211",0.0384615384615385,0.0769230769230769,0.0384615384615385,0.0384615384615385,0.0769230769230769,0.153846153846154,0.0384615384615385,0.115384615384615,0.230769230769231,0.192307692307692
"212",0.0540540540540541,0.0540540540540541,0.0540540540540541,0,0.0810810810810811,0.162162162162162,0.027027027027027,0.135135135135135,0.162162162162162,0.27027027027027
"213",0,0,0,0,0.166666666666667,0,0,0.333333333333333,0.166666666666667,0.333333333333333
"214",0.0294117647058824,0.0588235294117647,0.0294117647058824,0.117647058823529,0.0441176470588235,0.147058823529412,0.0147058823529412,0.191176470588235,0.176470588235294,0.191176470588235
"215",0,1,0,0,0,0,0,0,0,0
"216",0.5,0,0,0,0,0,0,0,0.5,0
"217",0.1,0.1,0.1,0.1,0.1,0.1,0,0.1,0.1,0.2
"218",0.0892857142857143,0.0892857142857143,0.0535714285714286,0.125,0.0535714285714286,0.0892857142857143,0.0535714285714286,0.107142857142857,0.160714285714286,0.178571428571429
"219",0.146341463414634,0.0731707317073171,0.024390243902439,0.0487804878048781,0.0731707317073171,0.024390243902439,0.0731707317073171,0.121951219512195,0.195121951219512,0.219512195121951
"220",0.0909090909090909,0,0.0909090909090909,0.0909090909090909,0,0.0909090909090909,0,0.181818181818182,0.272727272727273,0.181818181818182
"221",0.0714285714285714,0.142857142857143,0.0357142857142857,0.107142857142857,0.0714285714285714,0.0357142857142857,0.0357142857142857,0.142857142857143,0.142857142857143,0.214285714285714
"222",0.0217391304347826,0.108695652173913,0.0652173913043478,0.130434782608696,0.0652173913043478,0.130434782608696,0,0.108695652173913,0.195652173913043,0.173913043478261
"223",0,0,0,0,0.2,0,0,0.2,0,0.6
"224",0.082089552238806,0.0895522388059701,0.0447761194029851,0.0895522388059701,0.0597014925373134,0.119402985074627,0.0373134328358209,0.0970149253731343,0.216417910447761,0.164179104477612
"225",0,0.166666666666667,0,0,0.0833333333333333,0.0833333333333333,0.0833333333333333,0.25,0.0833333333333333,0.25
"226",0.0256410256410256,0.128205128205128,0.0512820512820513,0.0256410256410256,0.205128205128205,0.0512820512820513,0.0512820512820513,0.0769230769230769,0.0512820512820513,0.333333333333333
"227",0.0769230769230769,0.0769230769230769,0.0384615384615385,0.115384615384615,0.0769230769230769,0.115384615384615,0.0384615384615385,0.0769230769230769,0.230769230769231,0.153846153846154
"228",0.145833333333333,0.0625,0.0416666666666667,0.0625,0.0625,0.0833333333333333,0.0416666666666667,0.166666666666667,0.145833333333333,0.1875
"229",0.0810810810810811,0.162162162162162,0,0.0540540540540541,0.027027027027027,0.027027027027027,0,0.189189189189189,0.162162162162162,0.297297297297297
"230",0,0,0,0,0,0,0,0.5,0,0.5
"231",0,0,0,0,0,0,0,0.5,0,0.5
"232",0,0.133333333333333,0.0666666666666667,0.0666666666666667,0.133333333333333,0.0666666666666667,0.0666666666666667,0.133333333333333,0.133333333333333,0.2
"233",0.104347826086957,0.0608695652173913,0.0521739130434783,0.11304347826087,0.0608695652173913,0.11304347826087,0.0347826086956522,0.121739130434783,0.2,0.139130434782609
"234",0.176470588235294,0,0.176470588235294,0.117647058823529,0,0.147058823529412,0.0294117647058824,0,0.294117647058824,0.0588235294117647
"235",0.0697674418604651,0.0930232558139535,0.0697674418604651,0.0697674418604651,0.13953488372093,0.0465116279069767,0.0465116279069767,0.162790697674419,0.0930232558139535,0.209302325581395
"236",0.0444444444444444,0.133333333333333,0.0222222222222222,0.0666666666666667,0.111111111111111,0.0888888888888889,0.0444444444444444,0.133333333333333,0.155555555555556,0.2
"237",0.0786516853932584,0.101123595505618,0.0674157303370786,0.101123595505618,0.0786516853932584,0.134831460674157,0.0449438202247191,0.0786516853932584,0.157303370786517,0.157303370786517
"238",0,0.25,0,0,0.25,0,0,0.25,0,0.25
"239",0,0.166666666666667,0,0,0.166666666666667,0,0.166666666666667,0.166666666666667,0,0.333333333333333
"240",0,0.0909090909090909,0,0.136363636363636,0.0909090909090909,0,0.136363636363636,0.227272727272727,0.136363636363636,0.181818181818182
"241",0,0,0,0,0,0,0.5,0,0,0.5
"242",0,0.1,0,0.1,0.2,0,0,0.1,0.1,0.4
"243",0.0694444444444444,0.0972222222222222,0.0277777777777778,0.0972222222222222,0.0972222222222222,0.125,0.0555555555555556,0.0972222222222222,0.180555555555556,0.152777777777778
"244",0,0,0,0,0.2,0,0.2,0.4,0,0.2
"245",0.222222222222222,0,0.222222222222222,0.111111111111111,0,0,0,0.111111111111111,0.333333333333333,0
"247",0.0375,0.1375,0.025,0.075,0.1,0.0625,0.0625,0.15,0.1625,0.1875
"248",0,0,0.5,0,0,0,0,0,0.5,0
"249",0.112781954887218,0.105263157894737,0.0676691729323308,0.112781954887218,0.037593984962406,0.105263157894737,0.037593984962406,0.0601503759398496,0.225563909774436,0.135338345864662
"251",0.051948051948052,0.0649350649350649,0.0779220779220779,0.0779220779220779,0.0779220779220779,0.0909090909090909,0.038961038961039,0.12987012987013,0.168831168831169,0.220779220779221
"252",0.0307692307692308,0.138461538461538,0.0461538461538462,0.0615384615384615,0.107692307692308,0.107692307692308,0.0461538461538462,0.123076923076923,0.107692307692308,0.230769230769231
"253",0.0833333333333333,0,0,0,0.0833333333333333,0.0833333333333333,0,0.25,0.166666666666667,0.333333333333333
"254",0,0,0,1,0,0,0,0,0,0
"255",0,0.2,0,0,0.2,0,0,0.2,0,0.4
"256",0.0487804878048781,0.121951219512195,0.0487804878048781,0,0.0975609756097561,0.0487804878048781,0.0975609756097561,0.121951219512195,0.170731707317073,0.24390243902439
"257",0.05,0.15,0,0,0.1,0.05,0.15,0.2,0.05,0.25
"258",0,0,0,0,0.142857142857143,0,0.214285714285714,0.214285714285714,0.142857142857143,0.285714285714286
"259",0,0.2,0,0,0.2,0,0.2,0.2,0,0.2
"260",0.0512820512820513,0.128205128205128,0.0769230769230769,0.0769230769230769,0.102564102564103,0.0769230769230769,0.0512820512820513,0.102564102564103,0.128205128205128,0.205128205128205
"261",0,0,0.5,0,0,0,0,0,0.5,0
"262",0,0.4,0,0,0.2,0,0,0.2,0,0.2
"263",0.0606060606060606,0.0909090909090909,0.0303030303030303,0.0606060606060606,0.0909090909090909,0.0606060606060606,0.0606060606060606,0.121212121212121,0.121212121212121,0.303030303030303
"264",0,0.0714285714285714,0,0.0714285714285714,0.142857142857143,0,0.142857142857143,0.285714285714286,0.0714285714285714,0.214285714285714
"265",0,0.0714285714285714,0,0.0714285714285714,0.0714285714285714,0.142857142857143,0.0714285714285714,0.0714285714285714,0.142857142857143,0.357142857142857
"266",0.0967741935483871,0.0645161290322581,0,0.0967741935483871,0.0645161290322581,0.0645161290322581,0.0645161290322581,0.129032258064516,0.161290322580645,0.258064516129032
"267",0,0,0,0,0,0,0,0,1,0
"268",0,0.125,0.0625,0.125,0.0625,0.0625,0.0625,0.125,0.125,0.25
"269",0,0.133333333333333,0,0,0.0666666666666667,0.133333333333333,0,0.0666666666666667,0.266666666666667,0.333333333333333
"270",0.0470588235294118,0.117647058823529,0.0235294117647059,0.0705882352941176,0.105882352941176,0.105882352941176,0.0588235294117647,0.129411764705882,0.141176470588235,0.2
"271",0.05,0.15,0.025,0.05,0.1,0.1,0.025,0.175,0.2,0.125
"272",0,0.0714285714285714,0,0.142857142857143,0.214285714285714,0.0714285714285714,0,0.142857142857143,0.142857142857143,0.214285714285714
"273",0,0,0,0,0,0.125,0,0.25,0.25,0.375
"274",0.0958904109589041,0.0410958904109589,0.0684931506849315,0.123287671232877,0.0547945205479452,0.150684931506849,0.0684931506849315,0.10958904109589,0.164383561643836,0.123287671232877
"275",0.25,0,0,0.25,0,0.25,0,0,0.25,0
"276",0,0,0,0,0,0,0,0.5,0,0.5
"277",0,0.4,0,0,0,0,0,0.2,0,0.4
"278",0.0633802816901408,0.0845070422535211,0.0563380281690141,0.0633802816901408,0.0915492957746479,0.105633802816901,0.0352112676056338,0.112676056338028,0.183098591549296,0.204225352112676
"279",0.0192307692307692,0.134615384615385,0.0384615384615385,0.0384615384615385,0.0769230769230769,0.0961538461538462,0.0576923076923077,0.0961538461538462,0.134615384615385,0.307692307692308
"280",0,0.214285714285714,0,0.0714285714285714,0.0714285714285714,0,0.0714285714285714,0.142857142857143,0.214285714285714,0.214285714285714
"281",0,0.181818181818182,0,0,0.0909090909090909,0.0909090909090909,0,0.0909090909090909,0.181818181818182,0.363636363636364
"282",0.0681818181818182,0.0909090909090909,0.0909090909090909,0.0681818181818182,0.0454545454545455,0.113636363636364,0.0681818181818182,0.0454545454545455,0.204545454545455,0.204545454545455
"284",0,0.142857142857143,0,0,0,0,0.142857142857143,0.285714285714286,0,0.428571428571429
"285",0.0769230769230769,0,0.0769230769230769,0.230769230769231,0,0.230769230769231,0,0.0769230769230769,0.230769230769231,0.0769230769230769
"286",0,0.102040816326531,0.0204081632653061,0.0612244897959184,0.122448979591837,0.0612244897959184,0,0.163265306122449,0.163265306122449,0.306122448979592
"287",0.0934579439252336,0.121495327102804,0.0654205607476635,0.0747663551401869,0.0654205607476635,0.0934579439252336,0.0560747663551402,0.0934579439252336,0.205607476635514,0.130841121495327
"288",0.04,0,0,0.08,0.04,0.16,0.04,0.2,0.2,0.24
"289",0.108695652173913,0.108695652173913,0.0652173913043478,0.152173913043478,0.0652173913043478,0.108695652173913,0.0217391304347826,0.0434782608695652,0.152173913043478,0.173913043478261
"290",0.125,0.0625,0.09375,0.09375,0.0625,0.15625,0.03125,0.03125,0.21875,0.125
"291",0.117647058823529,0.0588235294117647,0.117647058823529,0.0588235294117647,0.0588235294117647,0.117647058823529,0.0588235294117647,0.176470588235294,0.117647058823529,0.117647058823529
"292",0.111111111111111,0,0.222222222222222,0,0.111111111111111,0,0,0.111111111111111,0.333333333333333,0.111111111111111
"293",0.0892857142857143,0.0714285714285714,0.0892857142857143,0.107142857142857,0.0714285714285714,0.125,0.0714285714285714,0.0714285714285714,0.196428571428571,0.107142857142857
"294",0.0416666666666667,0.0833333333333333,0.0416666666666667,0.0416666666666667,0.125,0.0833333333333333,0,0.166666666666667,0.166666666666667,0.25
"295",0,0.1,0,0.1,0.1,0.0333333333333333,0.0333333333333333,0.2,0.1,0.333333333333333
"296",0.0769230769230769,0,0.0769230769230769,0.0769230769230769,0.0769230769230769,0.0769230769230769,0,0.153846153846154,0.0769230769230769,0.384615384615385
"297",0.05,0.15,0,0.1,0.1,0.1,0.05,0.15,0.1,0.2
"298",0.0340909090909091,0.125,0,0.0454545454545455,0.159090909090909,0.0227272727272727,0.0909090909090909,0.159090909090909,0.0909090909090909,0.272727272727273
"299",0,0.1,0.05,0.05,0.1,0,0.05,0.2,0.2,0.25
"300",0,0.333333333333333,0,0,0.166666666666667,0,0,0.25,0.0833333333333333,0.166666666666667
"302",0.0714285714285714,0.0357142857142857,0,0.0714285714285714,0.107142857142857,0.0714285714285714,0.0714285714285714,0.142857142857143,0.0714285714285714,0.357142857142857
"303",0.0625,0.0625,0.0625,0.125,0.0416666666666667,0.166666666666667,0,0.0833333333333333,0.25,0.145833333333333
"304",0.0869565217391304,0.0652173913043478,0.0434782608695652,0.0652173913043478,0.173913043478261,0.108695652173913,0.0217391304347826,0.0869565217391304,0.0869565217391304,0.260869565217391
"305",0,0,0,0,0,0,0,0,0,1
"306",0.0816326530612245,0.102040816326531,0.0612244897959184,0.122448979591837,0.0612244897959184,0.122448979591837,0.0204081632653061,0.0612244897959184,0.224489795918367,0.142857142857143
"307",0.0416666666666667,0.104166666666667,0.0208333333333333,0.125,0.104166666666667,0.125,0.0208333333333333,0.0833333333333333,0.166666666666667,0.208333333333333
"308",0.0384615384615385,0.0769230769230769,0.0769230769230769,0.0384615384615385,0.153846153846154,0.0384615384615385,0.0384615384615385,0.153846153846154,0.153846153846154,0.230769230769231
"310",0,0.294117647058824,0,0.117647058823529,0.0588235294117647,0.0588235294117647,0.117647058823529,0.0588235294117647,0.0588235294117647,0.235294117647059
"311",0.0952380952380952,0.0714285714285714,0.0714285714285714,0.0952380952380952,0.0952380952380952,0.0952380952380952,0.0238095238095238,0.142857142857143,0.142857142857143,0.166666666666667
"312",0,0.0526315789473684,0,0.0526315789473684,0.263157894736842,0,0,0.157894736842105,0.0526315789473684,0.421052631578947
"313",0.05,0.2,0,0.05,0.25,0,0.05,0.1,0,0.3
"314",0,0.307692307692308,0,0,0.153846153846154,0.0769230769230769,0.0769230769230769,0.153846153846154,0.0769230769230769,0.153846153846154
"315",0.0980392156862745,0.117647058823529,0.0392156862745098,0.0784313725490196,0.0392156862745098,0.0784313725490196,0.0980392156862745,0.117647058823529,0.215686274509804,0.117647058823529
"316",0.0161290322580645,0.112903225806452,0.0161290322580645,0.0645161290322581,0.112903225806452,0.0483870967741935,0.0483870967741935,0.193548387096774,0.161290322580645,0.225806451612903
"317",0.1,0.04,0.1,0.1,0.02,0.1,0,0.12,0.3,0.12
"318",0.0983606557377049,0.0983606557377049,0.0163934426229508,0.131147540983607,0.0655737704918033,0.114754098360656,0.0327868852459016,0.114754098360656,0.147540983606557,0.180327868852459
"319",0.142857142857143,0,0.142857142857143,0.142857142857143,0,0.142857142857143,0,0,0.142857142857143,0.285714285714286
"320",0.0149253731343284,0.104477611940299,0.0149253731343284,0.0597014925373134,0.149253731343284,0.104477611940299,0.0149253731343284,0.194029850746269,0.0895522388059701,0.253731343283582
"321",0.0714285714285714,0.0892857142857143,0.0714285714285714,0.0535714285714286,0.0357142857142857,0.142857142857143,0.0357142857142857,0.142857142857143,0.142857142857143,0.214285714285714
"323",0,0.117647058823529,0.117647058823529,0.0588235294117647,0.117647058823529,0.117647058823529,0.0588235294117647,0.117647058823529,0.117647058823529,0.176470588235294
